0 2 44 42 1 23 43 21 22 
2 4 46 44 3 25 45 23 24 
4 6 48 46 5 27 47 25 26 
6 8 50 48 7 29 49 27 28 
8 10 52 50 9 31 51 29 30 
10 12 54 52 11 33 53 31 32 
12 14 56 54 13 35 55 33 34 
14 16 58 56 15 37 57 35 36 
16 18 60 58 17 39 59 37 38 
18 20 62 60 19 41 61 39 40 
42 44 86 84 43 65 85 63 64 
44 46 88 86 45 67 87 65 66 
46 48 90 88 47 69 89 67 68 
48 50 92 90 49 71 91 69 70 
50 52 94 92 51 73 93 71 72 
52 54 96 94 53 75 95 73 74 
54 56 98 96 55 77 97 75 76 
56 58 100 98 57 79 99 77 78 
58 60 102 100 59 81 101 79 80 
60 62 104 102 61 83 103 81 82 
84 86 128 126 85 107 127 105 106 
86 88 130 128 87 109 129 107 108 
88 90 132 130 89 111 131 109 110 
90 92 134 132 91 113 133 111 112 
92 94 136 134 93 115 135 113 114 
94 96 138 136 95 117 137 115 116 
96 98 140 138 97 119 139 117 118 
98 100 142 140 99 121 141 119 120 
100 102 144 142 101 123 143 121 122 
102 104 146 144 103 125 145 123 124 
126 128 170 168 127 149 169 147 148 
128 130 172 170 129 151 171 149 150 
130 132 174 172 131 153 173 151 152 
132 134 176 174 133 155 175 153 154 
134 136 178 176 135 157 177 155 156 
136 138 180 178 137 159 179 157 158 
138 140 182 180 139 161 181 159 160 
140 142 184 182 141 163 183 161 162 
142 144 186 184 143 165 185 163 164 
144 146 188 186 145 167 187 165 166 
168 170 212 210 169 191 211 189 190 
170 172 214 212 171 193 213 191 192 
172 174 216 214 173 195 215 193 194 
174 176 218 216 175 197 217 195 196 
176 178 220 218 177 199 219 197 198 
178 180 222 220 179 201 221 199 200 
180 182 224 222 181 203 223 201 202 
182 184 226 224 183 205 225 203 204 
184 186 228 226 185 207 227 205 206 
186 188 230 228 187 209 229 207 208 
210 212 254 252 211 233 253 231 232 
212 214 256 254 213 235 255 233 234 
214 216 258 256 215 237 257 235 236 
216 218 260 258 217 239 259 237 238 
218 220 262 260 219 241 261 239 240 
220 222 264 262 221 243 263 241 242 
222 224 266 264 223 245 265 243 244 
224 226 268 266 225 247 267 245 246 
226 228 270 268 227 249 269 247 248 
228 230 272 270 229 251 271 249 250 
252 254 296 294 253 275 295 273 274 
254 256 298 296 255 277 297 275 276 
256 258 300 298 257 279 299 277 278 
258 260 302 300 259 281 301 279 280 
260 262 304 302 261 283 303 281 282 
262 264 306 304 263 285 305 283 284 
264 266 308 306 265 287 307 285 286 
266 268 310 308 267 289 309 287 288 
268 270 312 310 269 291 311 289 290 
270 272 314 312 271 293 313 291 292 
294 296 338 336 295 317 337 315 316 
296 298 340 338 297 319 339 317 318 
298 300 342 340 299 321 341 319 320 
300 302 344 342 301 323 343 321 322 
302 304 346 344 303 325 345 323 324 
304 306 348 346 305 327 347 325 326 
306 308 350 348 307 329 349 327 328 
308 310 352 350 309 331 351 329 330 
310 312 354 352 311 333 353 331 332 
312 314 356 354 313 335 355 333 334 
336 338 380 378 337 359 379 357 358 
338 340 382 380 339 361 381 359 360 
340 342 384 382 341 363 383 361 362 
342 344 386 384 343 365 385 363 364 
344 346 388 386 345 367 387 365 366 
346 348 390 388 347 369 389 367 368 
348 350 392 390 349 371 391 369 370 
350 352 394 392 351 373 393 371 372 
352 354 396 394 353 375 395 373 374 
354 356 398 396 355 377 397 375 376 
378 380 422 420 379 401 421 399 400 
380 382 424 422 381 403 423 401 402 
382 384 426 424 383 405 425 403 404 
384 386 428 426 385 407 427 405 406 
386 388 430 428 387 409 429 407 408 
388 390 432 430 389 411 431 409 410 
390 392 434 432 391 413 433 411 412 
392 394 436 434 393 415 435 413 414 
394 396 438 436 395 417 437 415 416 
396 398 440 438 397 419 439 417 418 
